Generacion 1 : 
790471678036485
955386852824775
488319876831174
614616098168593
785071630862109
898139988956107
551384520508062
569436031658871
749939606874222
391964134011401
547195555431394
339526152396354
283423862086341
570259916396001
624960800458193
379142003310445
435
-------------------
Generacion 2 : 
790471678036485
955386852824775
488319876831174
614616098168593
785071630862109
898139988956107
551384520508062
569436031658871
749939606874222
391964134011401
547195555431394
339526152396354
283423862086341
570259916396001
624960800458193
379142003310445
435
-------------------
