790471678036485
955386852824775
488319876831174
614616098168593
785071630862109
898139988956107
551384520508062
569436031658871
749939606874222
391964134011401
547195555431394
339526152396354
283423862086341
570259916396001
624960800458193
379142003310445
435
790471678036485
955386852824775
488319876831174
219277691663838
90444459435737
97291735651573
326486147626529
223713762231038
674402830505
844767474497095
236145927215063
23235266200842
268887767693441
56881513473057
297722846408246
283402865418886
405
9160013347473
955386852824775
488319876831174
614616098168593
785071630862109
924855097162004
425893003785002
587120809400045
674402830505
391964134011401
8640065192543
396932023762228
268887767693441
810339439106332
233584651366614
283402865418886
405
9160013347473
955386852824775
488319876831174
98799732559733
917422772812388
921197582930884
892763464196009
569436031658871
901753161988106
844767474497095
770092165921858
702050153492973
614347896824753
373255921701554
742675115700194
791889717239835
405
95895250046577
955386852824775
372251013467205
83381952756728
108617993122254
924855097162004
723505169490122
543995471924541
563438194600604
951078285906035
653548889632127
129926092517528
360600195061695
549832884478305
625083076593039
379142003310445
395
9160013347473
955386852824775
372251013467205
542090888387566
94232384904396
786753467650504
892763464196009
543995471924541
142779194350717
18315716794839
237739930971405
886682649090273
826463271317288
56881513473057
567531175244381
689742058836735
395
853578988860165
955386852824775
488319876831174
83381952756728
11957978183384
656510237910091
539026892063686
786271368519529
901753161988106
246295816379737
8640065192543
449977797199962
360600195061695
709734256244141
372239132119454
631928603924778
395
790471678036485
955386852824775
488319876831174
36365617130122
11957978183384
97291735651573
326486147626529
820126267066284
587679605273381
844767474497095
547195555431394
129926092517528
268887767693441
647719018462914
297722846408246
283402865418886
395
790471678036485
955386852824775
14474662819167
614616098168593
90444459435737
825124022935109
326486147626529
820126267066284
876598401868995
18315716794839
29914548029152
23235266200842
808772334274264
427880300873835
53034450324734
794416286886863
385
912049449939304
955386852824775
488319876831174
137939103943267
184817292347931
702522944986132
539026892063686
428491132999068
657745974444666
259353313250166
547195555431394
702050153492973
560327526442859
373255921701554
971412449130515
298495583840877
385
95895250046577
969703478258896
449235352896729
36365617130122
11957978183384
825124022935109
652753903368839
820126267066284
453575796658907
784140487100994
777730444342704
339526152396354
360600195061695
647719018462914
624960800458193
601253754273641
385
95895250046577
955386852824775
722560928539634
83381952756728
108617993122254
786753467650504
723505169490122
543995471924541
142779194350717
951078285906035
369595355060694
639722534753253
360600195061695
549832884478305
625083076593039
361848951020208
385
9160013347473
955386852824775
14474662819167
614616098168593
90444459435737
825124022935109
9145733387743
820126267066284
674402830505
302318365453891
29914548029152
23235266200842
808772334274264
303898735579056
53034450324734
283402865418886
375
853578988860165
955386852824775
488319876831174
880589161478257
670505560781111
97291735651573
461719230498057
223713762231038
632068584967437
784140487100994
547195555431394
129926092517528
560327526442859
373255921701554
971412449130515
361848951020208
375
9160013347473
955386852824775
203832513281998
614616098168593
108617993122254
97291735651573
425893003785002
223713762231038
226486403600539
838544954004951
237739930971405
327859241202408
614347896824753
810339439106332
742675115700194
283402865418886
375
9160013347473
955386852824775
203832513281998
309324771309888
108617993122254
97291735651573
551384520508062
223713762231038
587679605273381
838544954004951
8640065192543
327859241202408
614347896824753
373255921701554
297722846408246
378406618897992
375
968659920603344
863356435607819
488319876831174
260709157800632
504236601062229
786753467650504
892763464196009
284978170546227
142779194350717
784140487100994
237739930971405
409628647104664
990362513805908
373255921701554
297722846408246
631928603924778
365
9160013347473
889131708019009
14474662819167
614616098168593
94232384904396
924855097162004
577519224294237
543995471924541
977453712363473
18315716794839
237739930971405
367347916293586
808772334274264
56881513473057
53034450324734
106981604409861
365
95895250046577
955386852824775
449235352896729
309324771309888
11957978183384
97291735651573
461719230498057
223713762231038
100924014626501
844767474497095
777730444342704
702050153492973
360600195061695
222586441423086
297722846408246
791889717239835
365
662809399265242
823636982507835
488319876831174
98799732559733
917422772812388
921197582930884
617762237143592
569436031658871
753132597428343
784140487100994
770092165921858
163917155547029
360600195061695
222586441423086
625083076593039
283402865418886
365
9160013347473
907156751913557
203832513281998
968656400669672
108617993122254
786753467650504
461719230498057
223713762231038
142779194350717
18315716794839
237739930971405
814692137676613
990362513805908
810339439106332
742675115700194
283402865418886
365
968659920603344
793219696634086
488319876831174
83381952756728
184817292347931
97291735651573
295847335036773
667908890018197
722146343310432
844767474497095
675889763364517
702050153492973
826463271317288
373255921701554
297722846408246
298495583840877
365
853578988860165
955386852824775
25111424375843
109778790785828
94232384904396
786753467650504
903903122015252
376124047849385
142779194350717
784140487100994
43989133156831
23235266200842
560327526442859
56881513473057
372239132119454
554391118024658
365
968659920603344
955386852824775
488319876831174
144749042645446
108617993122254
97291735651573
551384520508062
428491132999068
587679605273381
784140487100994
8640065192543
327859241202408
614347896824753
373255921701554
971412449130515
298495583840877
355
9160013347473
889131708019009
372251013467205
83381952756728
94232384904396
786753467650504
425893003785002
127818155627613
124069717770475
951078285906035
547195555431394
129926092517528
990362513805908
56881513473057
567531175244381
318375098201621
355
662809399265242
955386852824775
488319876831174
98799732559733
670505560781111
786753467650504
617762237143592
569436031658871
753132597428343
701401842619014
8640065192543
807898163706017
360600195061695
222586441423086
625083076593039
283402865418886
355
9160013347473
889131708019009
372251013467205
968656400669672
94232384904396
786753467650504
461719230498057
543995471924541
142779194350717
18315716794839
237739930971405
398195264115089
990362513805908
56881513473057
567531175244381
689742058836735
355
790471678036485
889131708019009
372251013467205
260709157800632
94232384904396
786753467650504
759660385437152
587120809400045
142779194350717
18315716794839
653548889632127
23235266200842
132961753817723
56881513473057
567531175244381
379142003310445
355
968659920603344
955386852824775
488319876831174
309324771309888
11957978183384
332189394315793
295847335036773
667908890018197
100924014626501
844767474497095
675889763364517
702050153492973
560327526442859
373255921701554
297722846408246
791889717239835
355
9160013347473
889131708019009
372251013467205
260709157800632
94232384904396
786753467650504
892763464196009
543995471924541
142779194350717
18315716794839
237739930971405
4680104974974
990362513805908
56881513473057
567531175244381
689742058836735
355
853578988860165
955386852824775
488319876831174
668405673777874
670505560781111
97291735651573
577519224294237
543995471924541
901753161988106
838544954004951
547195555431394
129926092517528
990362513805908
373255921701554
372239132119454
361848951020208
355
853578988860165
955386852824775
488319876831174
614616098168593
108617993122254
97291735651573
551384520508062
376124047849385
674402830505
784140487100994
653548889632127
524388798756706
268887767693441
373255921701554
45385398830001
554391118024658
355
95895250046577
969703478258896
25111424375843
36365617130122
11957978183384
656510237910091
652753903368839
820126267066284
563438194600604
784140487100994
8640065192543
129926092517528
560327526442859
647719018462914
624960800458193
554391118024658
355
9160013347473
955386852824775
488319876831174
614616098168593
785071630862109
332189394315793
892763464196009
667908890018197
299999749893322
838544954004951
675889763364517
367347916293586
990362513805908
810339439106332
742675115700194
791889717239835
345
984328078564409
907156751913557
488319876831174
614616098168593
785071630862109
97291735651573
551384520508062
376124047849385
674402830505
391964134011401
626655128144964
129926092517528
624768561508864
570259916396001
45385398830001
933953435129464
345
853578988860165
955386852824775
488319876831174
260709157800632
670505560781111
97291735651573
892763464196009
223713762231038
142779194350717
784140487100994
547195555431394
4680104974974
560327526442859
373255921701554
971412449130515
689742058836735
345
9160013347473
890333332535966
203832513281998
668405673777874
785071630862109
628796137230841
551384520508062
543995471924541
563438194600604
543033662504998
64675846353488
64308009559432
283423862086341
810339439106332
372239132119454
106981604409861
345
790471678036485
955386852824775
615270529228854
36365617130122
90444459435737
825124022935109
326486147626529
820126267066284
876598401868995
302318365453891
29914548029152
23235266200842
893815556025978
427880300873835
297722846408246
283402865418886
345
853578988860165
955386852824775
488319876831174
260709157800632
670505560781111
786753467650504
461719230498057
223713762231038
632068584967437
784140487100994
547195555431394
409628647104664
560327526442859
373255921701554
971412449130515
631928603924778
345
799992753565308
889131708019009
18593000396431
614616098168593
718610311261662
332189394315793
724757663777451
574994388769844
674402830505
18315716794839
653548889632127
524388798756706
990362513805908
303898735579056
567531175244381
43011339820461
345
853578988860165
955386852824775
488319876831174
260709157800632
670505560781111
656510237910091
577519224294237
543995471924541
901753161988106
246295816379737
547195555431394
4680104974974
202061534487671
709734256244141
372239132119454
832657243047216
345
799992753565308
955386852824775
18593000396431
260709157800632
24946004396745
873487399366446
164943339845605
249312470783159
177578259807815
292342409627672
989914125292522
129926092517528
826463271317288
56881513473057
749002213472967
796858109904853
345
95895250046577
969703478258896
449235352896729
594613818728651
108617993122254
898139988956107
348519407375026
569436031658871
453575796658907
951078285906035
777730444342704
339526152396354
360600195061695
174525510135351
625083076593039
601253754273641
345
954401872565226
890333332535966
14474662819167
668405673777874
785071630862109
36689511191421
577519224294237
942663359894726
507396573437097
543033662504998
64675846353488
64308009559432
283423862086341
810339439106332
372239132119454
106981604409861
345
230162633224466
955386852824775
488319876831174
309324771309888
785071630862109
97291735651573
336005471337589
223713762231038
587679605273381
784140487100994
547195555431394
702050153492973
283423862086341
647719018462914
297722846408246
378406618897992
345
853578988860165
955386852824775
372251013467205
137939103943267
670505560781111
786753467650504
551384520508062
786271368519529
563438194600604
701401842619014
8640065192543
702050153492973
360600195061695
373255921701554
625083076593039
16695051508348
345
95895250046577
969703478258896
449235352896729
260709157800632
709342182944222
924855097162004
64610555565269
820126267066284
299999749893322
400367626641117
777730444342704
339526152396354
360600195061695
647719018462914
567531175244381
689742058836735
45
95895250046577
955386852824775
488319876831174
83381952756728
11957978183384
656510237910091
539026892063686
786271368519529
657745974444666
259353313250166
8640065192543
449977797199962
360600195061695
373255921701554
297722846408246
631928603924778
42
968659920603344
955386852824775
488319876831174
260709157800632
670505560781111
97291735651573
892763464196009
543995471924541
901753161988106
784140487100994
237739930971405
129926092517528
990362513805908
60224341815442
372239132119454
631928603924778
41
740571292462093
955386852824775
25111424375843
36365617130122
785071630862109
97291735651573
336005471337589
376124047849385
100924014626501
784140487100994
547195555431394
702050153492973
283423862086341
647719018462914
297722846408246
106981604409861
41
853578988860165
955386852824775
488319876831174
260709157800632
670505560781111
786753467650504
164943339845605
223713762231038
563438194600604
784140487100994
547195555431394
129926092517528
826463271317288
373255921701554
971412449130515
631928603924778
39
790471678036485
955386852824775
488319876831174
309324771309888
11957978183384
97291735651573
539026892063686
587120809400045
587679605273381
784140487100994
547195555431394
129926092517528
560327526442859
373255921701554
297722846408246
378406618897992
39
9160013347473
955386852824775
488319876831174
137939103943267
785071630862109
702522944986132
577519224294237
223713762231038
657745974444666
259353313250166
275365617720115
395175795720506
390292318253914
373255921701554
297722846408246
283402865418886
39
853578988860165
955386852824775
488319876831174
36365617130122
90444459435737
97291735651573
326486147626529
820126267066284
587679605273381
838544954004951
236145927215063
23235266200842
268887767693441
647719018462914
297722846408246
283402865418886
39
9160013347473
955386852824775
14474662819167
614616098168593
94232384904396
924855097162004
9145733387743
587120809400045
674402830505
18315716794839
653548889632127
524388798756706
808772334274264
303898735579056
53034450324734
794416286886863
39
853578988860165
955386852824775
18593000396431
260709157800632
108617993122254
873487399366446
551384520508062
926576690714144
177578259807815
399759574979432
989914125292522
94044551762773
826463271317288
156909992060116
749002213472967
783813689269039
39
799992753565308
823636982507835
449235352896729
83381952756728
619869629675462
921197582930884
348519407375026
710744867432278
722146343310432
399759574979432
275365617720115
94044551762773
826463271317288
174525510135351
625083076593039
318375098201621
38
9160013347473
955386852824775
203832513281998
589621427277858
108617993122254
97291735651573
892763464196009
667908890018197
587679605273381
844767474497095
8640065192543
702050153492973
614347896824753
373255921701554
297722846408246
378406618897992
38
230162633224466
955386852824775
488319876831174
880589161478257
785071630862109
97291735651573
425893003785002
926576690714144
124069717770475
335703720960628
8640065192543
396932023762228
521420319807446
810339439106332
233584651366614
283402865418886
37
853578988860165
955386852824775
18593000396431
260709157800632
90444459435737
873487399366446
551384520508062
223713762231038
177578259807815
844767474497095
275365617720115
94044551762773
826463271317288
396838056108373
749002213472967
783813689269039
37
790471678036485
793219696634086
488319876831174
309324771309888
184817292347931
97291735651573
539026892063686
587120809400045
632068584967437
784140487100994
547195555431394
702050153492973
560327526442859
373255921701554
297722846408246
378406618897992
37
799992753565308
955386852824775
18593000396431
880589161478257
108617993122254
873487399366446
164943339845605
249312470783159
563438194600604
292342409627672
989914125292522
129926092517528
826463271317288
72607804030463
749002213472967
796858109904853
37
912049449939304
955386852824775
488319876831174
137939103943267
11957978183384
702522944986132
539026892063686
786271368519529
657745974444666
259353313250166
547195555431394
702050153492973
390292318253914
373255921701554
297722846408246
283402865418886
37
9160013347473
863356435607819
372251013467205
614616098168593
94232384904396
924855097162004
551384520508062
587120809400045
563438194600604
749665410606966
653548889632127
129926092517528
268887767693441
570259916396001
45385398830001
379142003310445
37
853578988860165
955386852824775
25111424375843
309324771309888
11957978183384
97291735651573
551384520508062
376124047849385
587679605273381
838544954004951
8640065192543
129926092517528
560327526442859
373255921701554
297722846408246
378406618897992
37
9160013347473
955386852824775
372251013467205
260709157800632
670505560781111
873487399366446
164943339845605
543995471924541
142779194350717
18315716794839
989914125292522
398195264115089
826463271317288
56881513473057
567531175244381
796858109904853
36
9160013347473
863356435607819
557510124313417
668405673777874
785071630862109
97291735651573
577519224294237
223713762231038
100924014626501
268632514061701
275365617720115
395175795720506
614347896824753
875213717052347
297722846408246
283402865418886
36
790471678036485
955386852824775
488319876831174
219277691663838
785071630862109
97291735651573
326486147626529
587120809400045
674402830505
844767474497095
236145927215063
524388798756706
268887767693441
56881513473057
297722846408246
283402865418886
36
853578988860165
955386852824775
488319876831174
219277691663838
108617993122254
97291735651573
326486147626529
587120809400045
674402830505
784140487100994
236145927215063
524388798756706
268887767693441
373255921701554
297722846408246
554391118024658
36
95895250046577
955386852824775
449235352896729
614616098168593
785071630862109
898139988956107
348519407375026
569436031658871
453575796658907
951078285906035
547195555431394
339526152396354
283423862086341
810339439106332
421917141145988
283402865418886
36
230162633224466
955386852824775
488319876831174
309324771309888
670505560781111
97291735651573
461719230498057
376124047849385
587679605273381
838544954004951
8640065192543
129926092517528
283423862086341
373255921701554
567531175244381
689742058836735
36
9160013347473
823636982507835
203832513281998
589621427277858
619869629675462
628796137230841
415794500343406
869852656903608
226486403600539
838544954004951
275365617720115
690199900739919
91533985869742
174525510135351
742675115700194
16695051508348
36
9160013347473
955386852824775
488319876831174
668405673777874
785071630862109
97291735651573
425893003785002
926576690714144
100924014626501
268632514061701
275365617720115
395175795720506
521420319807446
875213717052347
297722846408246
283402865418886
36
799992753565308
955386852824775
488319876831174
260709157800632
24946004396745
97291735651573
164943339845605
249312470783159
177578259807815
400367626641117
547195555431394
367347916293586
826463271317288
373255921701554
567531175244381
298495583840877
36
853578988860165
955386852824775
25111424375843
109778790785828
108617993122254
656510237910091
551384520508062
376124047849385
563438194600604
784140487100994
8640065192543
129926092517528
560327526442859
549832884478305
372239132119454
554391118024658
36
855906551171051
889131708019009
488319876831174
668405673777874
709342182944222
97291735651573
805034311863144
543995471924541
901753161988106
951673108130541
547195555431394
129926092517528
730262168557505
430436062826978
567531175244381
361848951020208
36
9160013347473
907156751913557
372251013467205
968656400669672
670505560781111
786753467650504
461719230498057
543995471924541
142779194350717
18315716794839
237739930971405
398195264115089
990362513805908
56881513473057
567531175244381
689742058836735
35
740571292462093
955386852824775
25111424375843
309324771309888
11957978183384
97291735651573
336005471337589
376124047849385
587679605273381
784140487100994
547195555431394
702050153492973
560327526442859
647719018462914
297722846408246
378406618897992
35
853578988860165
955386852824775
383868752691834
309324771309888
670505560781111
97291735651573
551384520508062
786271368519529
587679605273381
838544954004951
8640065192543
362196271476427
360600195061695
373255921701554
297722846408246
378406618897992
35
567416562963005
890333332535966
488319876831174
668405673777874
785071630862109
97291735651573
336005471337589
376124047849385
100924014626501
784140487100994
547195555431394
64308009559432
283423862086341
647719018462914
297722846408246
106981604409861
35
790471678036485
955386852824775
372251013467205
614616098168593
24946004396745
898139988956107
652753903368839
569436031658871
833506645557241
278170777148647
547195555431394
339526152396354
283423862086341
810339439106332
624960800458193
283402865418886
35
853578988860165
955386852824775
488319876831174
880589161478257
670505560781111
97291735651573
461719230498057
223713762231038
100924014626501
268632514061701
275365617720115
129926092517528
614347896824753
875213717052347
297722846408246
283402865418886
35
968659920603344
955386852824775
488319876831174
880589161478257
785071630862109
97291735651573
425893003785002
223713762231038
563438194600604
784140487100994
547195555431394
129926092517528
283423862086341
810339439106332
421917141145988
361848951020208
35
230162633224466
955386852824775
488319876831174
614616098168593
929641691003759
97291735651573
425893003785002
543995471924541
563438194600604
784140487100994
547195555431394
702050153492973
283423862086341
56881513473057
421917141145988
283402865418886
35
9160013347473
823636982507835
203832513281998
668405673777874
619869629675462
628796137230841
551384520508062
543995471924541
563438194600604
838544954004951
8640065192543
690199900739919
91533985869742
373255921701554
742675115700194
16695051508348
35
968659920603344
955386852824775
372251013467205
614616098168593
184817292347931
898139988956107
652753903368839
223713762231038
632068584967437
278170777148647
653548889632127
630901559084142
283423862086341
810339439106332
45385398830001
601253754273641
35
230162633224466
955386852824775
488319876831174
309324771309888
44118346201311
97291735651573
892763464196009
376124047849385
901753161988106
838544954004951
675889763364517
129926092517528
283423862086341
373255921701554
567531175244381
791889717239835
35
9160013347473
863356435607819
372251013467205
260709157800632
504236601062229
786753467650504
892763464196009
543995471924541
142779194350717
18315716794839
237739930971405
409628647104664
990362513805908
875213717052347
567531175244381
16695051508348
35
799992753565308
955386852824775
488319876831174
662495679530546
670505560781111
416783842917897
164943339845605
249312470783159
563438194600604
876809343638275
499003466916738
129926092517528
826463271317288
373255921701554
749002213472967
554391118024658
35
968659920603344
955386852824775
488319876831174
73951990797162
184817292347931
97291735651573
461719230498057
428491132999068
632068584967437
784140487100994
547195555431394
129926092517528
560327526442859
373255921701554
971412449130515
298495583840877
35
968659920603344
793219696634086
14474662819167
73951990797162
785071630862109
924855097162004
577519224294237
434280309097041
632068584967437
784140487100994
547195555431394
702050153492973
560327526442859
373255921701554
53034450324734
298495583840877
35
853578988860165
955386852824775
488319876831174
73951990797162
24946004396745
97291735651573
551384520508062
223713762231038
100924014626501
838544954004951
8640065192543
129926092517528
614347896824753
373255921701554
297722846408246
283402865418886
35
799992753565308
889131708019009
18593000396431
83381952756728
718610311261662
332189394315793
724757663777451
543995471924541
142779194350717
844767474497095
675889763364517
4680104974974
990362513805908
56881513473057
567531175244381
796858109904853
35
9160013347473
907156751913557
488319876831174
614616098168593
785071630862109
924855097162004
551384520508062
587120809400045
674402830505
391964134011401
237739930971405
524388798756706
268887767693441
570259916396001
45385398830001
379142003310445
35
968659920603344
955386852824775
488319876831174
309324771309888
11957978183384
97291735651573
461719230498057
223713762231038
632068584967437
784140487100994
547195555431394
702050153492973
560327526442859
373255921701554
297722846408246
283402865418886
35
183520674325303
955386852824775
488319876831174
309324771309888
108617993122254
97291735651573
577519224294237
284978170546227
632068584967437
838544954004951
237739930971405
339526152396354
787295911827728
373255921701554
639731404669458
361848951020208
34
968659920603344
793219696634086
488319876831174
83381952756728
184817292347931
97291735651573
539026892063686
710744867432278
722146343310432
784140487100994
547195555431394
94044551762773
826463271317288
373255921701554
625083076593039
298495583840877
34
853578988860165
955386852824775
488319876831174
880589161478257
90444459435737
921197582930884
551384520508062
223713762231038
124069717770475
844767474497095
275365617720115
94044551762773
614347896824753
396838056108373
45385398830001
283402865418886
34
230162633224466
955386852824775
488319876831174
614616098168593
785071630862109
97291735651573
425893003785002
223713762231038
507396573437097
784140487100994
547195555431394
702050153492973
283423862086341
810339439106332
421917141145988
283402865418886
4
9160013347473
955386852824775
488319876831174
614616098168593
94232384904396
97291735651573
425893003785002
587120809400045
674402830505
18315716794839
275365617720115
94044551762773
268887767693441
56881513473057
45385398830001
318375098201621
4
912049449939304
955386852824775
488319876831174
137939103943267
184817292347931
702522944986132
577519224294237
543995471924541
657745974444666
838544954004951
547195555431394
702050153492973
560327526442859
373255921701554
971412449130515
298495583840877
0.595
853578988860165
955386852824775
18593000396431
260709157800632
0.270803082860449
873487399366446
551384520508062
587120809400045
587679605273381
844767474497095
275365617720115
94044551762773
560327526442859
396838056108373
0.243531545271879
378406618897992
0.585
790471678036485
955386852824775
14474662819167
614616098168593
90444459435737
825124022935109
9145733387743
569436031658871
749939606874222
391964134011401
29914548029152
23235266200842
808772334274264
570259916396001
53034450324734
379142003310445
0.57
790471678036485
793219696634086
488319876831174
83381952756728
90444459435737
825124022935109
295847335036773
667908890018197
0.476347218955097
18315716794839
675889763364517
702050153492973
0.2380891666925
427880300873835
53034450324734
298495583840877
0.565
9160013347473
955386852824775
488319876831174
137939103943267
94232384904396
702522944986132
577519224294237
543995471924541
977453712363473
259353313250166
275365617720115
395175795720506
808772334274264
56881513473057
297722846408246
283402865418886
0.565
790471678036485
955386852824775
615270529228854
36365617130122
108617993122254
786753467650504
461719230498057
820126267066284
142779194350717
18315716794839
237739930971405
814692137676613
990362513805908
427880300873835
297722846408246
283402865418886
0.565
968659920603344
793219696634086
488319876831174
260709157800632
184817292347931
656510237910091
295847335036773
543995471924541
901753161988106
844767474497095
675889763364517
702050153492973
202061534487671
709734256244141
297722846408246
298495583840877
0.56
95895250046577
969703478258896
488319876831174
260709157800632
11957978183384
786753467650504
461719230498057
820126267066284
632068584967437
784140487100994
547195555431394
129926092517528
560327526442859
373255921701554
971412449130515
554391118024658
0.56
799992753565308
889131708019009
18593000396431
83381952756728
24946004396745
873487399366446
425893003785002
127818155627613
124069717770475
292342409627672
989914125292522
129926092517528
826463271317288
56881513473057
749002213472967
318375098201621
0.56
790471678036485
955386852824775
488319876831174
36365617130122
11957978183384
786753467650504
759660385437152
587120809400045
587679605273381
18315716794839
547195555431394
23235266200842
268887767693441
647719018462914
567531175244381
379142003310445
0.56
790471678036485
955386852824775
372251013467205
36365617130122
94232384904396
825124022935109
326486147626529
543995471924541
142779194350717
18315716794839
237739930971405
4680104974974
893815556025978
56881513473057
567531175244381
283402865418886
0.56
790471678036485
955386852824775
615270529228854
36365617130122
94232384904396
825124022935109
759660385437152
587120809400045
876598401868995
302318365453891
29914548029152
23235266200842
132961753817723
427880300873835
567531175244381
379142003310445
0.56
853578988860165
955386852824775
488319876831174
98799732559733
670505560781111
786753467650504
577519224294237
569436031658871
901753161988106
701401842619014
547195555431394
807898163706017
202061534487671
709734256244141
625083076593039
832657243047216
0.555
799992753565308
863356435607819
488319876831174
614616098168593
504236601062229
786753467650504
724757663777451
0.742412517658627
142779194350717
784140487100994
237739930971405
524388798756706
990362513805908
0.480383841544568
297722846408246
43011339820461
0.55
9160013347473
969703478258896
449235352896729
36365617130122
94232384904396
786753467650504
652753903368839
543995471924541
142779194350717
18315716794839
237739930971405
4680104974974
360600195061695
647719018462914
624960800458193
0.410622417652338
0.55
790471678036485
955386852824775
14474662819167
614616098168593
90444459435737
825124022935109
326486147626529
820126267066284
876598401868995
18315716794839
29914548029152
23235266200842
808772334274264
427880300873835
53034450324734
794416286886863
0.55
853578988860165
907156751913557
203832513281998
309324771309888
670505560781111
786753467650504
461719230498057
786271368519529
142779194350717
838544954004951
8640065192543
362196271476427
360600195061695
810339439106332
742675115700194
283402865418886
0.55
9160013347473
955386852824775
14474662819167
542090888387566
94232384904396
825124022935109
9145733387743
543995471924541
674402830505
302318365453891
29914548029152
886682649090273
826463271317288
303898735579056
53034450324734
283402865418886
0.545
9160013347473
955386852824775
203832513281998
614616098168593
108617993122254
702522944986132
425893003785002
223713762231038
657745974444666
838544954004951
547195555431394
702050153492973
560327526442859
373255921701554
971412449130515
283402865418886
0.545
9160013347473
889131708019009
449235352896729
83381952756728
94232384904396
786753467650504
64610555565269
820126267066284
299999749893322
400367626641117
777730444342704
339526152396354
360600195061695
56881513473057
567531175244381
689742058836735
0.54
984328078564409
907156751913557
14474662819167
614616098168593
90444459435737
825124022935109
551384520508062
376124047849385
674402830505
18315716794839
29914548029152
23235266200842
624768561508864
427880300873835
53034450324734
933953435129464
0.54
662809399265242
955386852824775
615270529228854
98799732559733
90444459435737
786753467650504
326486147626529
569436031658871
876598401868995
701401842619014
29914548029152
23235266200842
360600195061695
427880300873835
297722846408246
283402865418886
0.54
790471678036485
955386852824775
25111424375843
109778790785828
94232384904396
786753467650504
759660385437152
376124047849385
142779194350717
784140487100994
653548889632127
23235266200842
560327526442859
56881513473057
372239132119454
379142003310445
0.54
853578988860165
955386852824775
372251013467205
880589161478257
184817292347931
898139988956107
652753903368839
0.957610406427463
124069717770475
278170777148647
275365617720115
0.145369227577638
614347896824753
810339439106332
45385398830001
283402865418886
0.54
662809399265242
823636982507835
488319876831174
98799732559733
108617993122254
921197582930884
617762237143592
223713762231038
226486403600539
838544954004951
770092165921858
327859241202408
360600195061695
222586441423086
625083076593039
283402865418886
0.54
9160013347473
889131708019009
203832513281998
260709157800632
785071630862109
786753467650504
551384520508062
543995471924541
563438194600604
18315716794839
64675846353488
64308009559432
283423862086341
810339439106332
372239132119454
106981604409861
0.535
9160013347473
889131708019009
449235352896729
36365617130122
11957978183384
825124022935109
652753903368839
820126267066284
453575796658907
784140487100994
777730444342704
4680104974974
990362513805908
647719018462914
567531175244381
601253754273641
0.535
853578988860165
955386852824775
488319876831174
83381952756728
94232384904396
786753467650504
903903122015252
376124047849385
142779194350717
784140487100994
8640065192543
449977797199962
360600195061695
709734256244141
372239132119454
554391118024658
0.535
790471678036485
955386852824775
722560928539634
83381952756728
90444459435737
786753467650504
326486147626529
543995471924541
142779194350717
302318365453891
369595355060694
639722534753253
360600195061695
427880300873835
297722846408246
283402865418886
0.535
968659920603344
955386852824775
14474662819167
309324771309888
90444459435737
825124022935109
295847335036773
667908890018197
100924014626501
18315716794839
29914548029152
23235266200842
808772334274264
373255921701554
53034450324734
791889717239835
0.535
567416562963005
889131708019009
488319876831174
260709157800632
94232384904396
786753467650504
892763464196009
376124047849385
142779194350717
784140487100994
237739930971405
4680104974974
283423862086341
56881513473057
297722846408246
689742058836735
0.53
9160013347473
889131708019009
372251013467205
614616098168593
94232384904396
786753467650504
551384520508062
543995471924541
749939606874222
391964134011401
547195555431394
339526152396354
283423862086341
570259916396001
567531175244381
0.880973753929592
0.53
853578988860165
955386852824775
0.284894032536491
109778790785828
94232384904396
825124022935109
903903122015252
376124047849385
453575796658907
784140487100994
0.22552782912996
339526152396354
560327526442859
56881513473057
0.0815808857239694
554391118024658
0.53
9160013347473
955386852824775
488319876831174
614616098168593
929641691003759
924855097162004
425893003785002
0.227879304079283
563438194600604
784140487100994
547195555431394
396932023762228
0.625251545396285
56881513473057
421917141145988
283402865418886
0.53
912049449939304
955386852824775
203832513281998
0.425129663397153
184817292347931
702522944986132
539026892063686
223713762231038
226486403600539
259353313250166
237739930971405
327859241202408
614347896824753
810339439106332
971412449130515
283402865418886
0.53
9160013347473
955386852824775
488319876831174
98799732559733
0.278514531105065
921197582930884
892763464196009
569436031658871
901753161988106
844767474497095
770092165921858
702050153492973
614347896824753
373255921701554
742675115700194
791889717239835
0.53
790471678036485
955386852824775
615270529228854
36365617130122
90444459435737
825124022935109
0.216573163502185
820126267066284
876598401868995
391964134011401
29914548029152
23235266200842
893815556025978
810339439106332
297722846408246
283402865418886
0.53
853578988860165
955386852824775
0.804673044385702
260709157800632
670505560781111
873487399366446
461719230498057
0.0770045738094508
177578259807815
292342409627672
989914125292522
129926092517528
826463271317288
56881513473057
971412449130515
796858109904853
0.525
9160013347473
969703478258896
372251013467205
594613818728651
108617993122254
786753467650504
461719230498057
569436031658871
453575796658907
18315716794839
237739930971405
398195264115089
360600195061695
174525510135351
567531175244381
601253754273641
0.525
968659920603344
863356435607819
0.0476855607925381
83381952756728
0.215934484366297
786753467650504
723505169490122
543995471924541
142779194350717
0.443418079262328
369595355060694
639722534753253
360600195061695
0.214641085460149
625083076593039
361848951020208
0.525
790471678036485
889131708019009
372251013467205
260709157800632
94232384904396
786753467650504
759660385437152
587120809400045
142779194350717
18315716794839
653548889632127
23235266200842
132961753817723
56881513473057
567531175244381
379142003310445
0.525
790471678036485
955386852824775
722560928539634
0.69144276794579
0.213054160686701
825124022935109
326486147626529
820126267066284
142779194350717
951078285906035
0.447055959816582
639722534753253
808772334274264
549832884478305
625083076593039
794416286886863
0.52
853578988860165
889131708019009
372251013467205
137939103943267
94232384904396
786753467650504
892763464196009
786271368519529
142779194350717
18315716794839
8640065192543
702050153492973
360600195061695
56881513473057
567531175244381
689742058836735
0.52
984328078564409
955386852824775
488319876831174
260709157800632
785071630862109
656510237910091
551384520508062
376124047849385
901753161988106
246295816379737
547195555431394
4680104974974
202061534487671
709734256244141
372239132119454
933953435129464
0.52
853578988860165
955386852824775
25111424375843
614616098168593
785071630862109
786753467650504
425893003785002
376124047849385
142779194350717
784140487100994
43989133156831
396932023762228
268887767693441
810339439106332
0.528337727546849
554391118024658
0.52
95895250046577
969703478258896
25111424375843
880589161478257
11957978183384
656510237910091
461719230498057
223713762231038
0.576025071822118
784140487100994
275365617720115
129926092517528
560327526442859
875213717052347
297722846408246
283402865418886
0.52
95895250046577
969703478258896
25111424375843
36365617130122
11957978183384
656510237910091
652753903368839
820126267066284
563438194600604
784140487100994
8640065192543
129926092517528
560327526442859
647719018462914
624960800458193
554391118024658
0.52
790471678036485
955386852824775
18593000396431
219277691663838
90444459435737
873487399366446
326486147626529
223713762231038
177578259807815
844767474497095
236145927215063
23235266200842
268887767693441
396838056108373
749002213472967
783813689269039
0.52
853578988860165
955386852824775
488319876831174
260709157800632
670505560781111
786753467650504
577519224294237
543995471924541
901753161988106
246295816379737
8640065192543
702050153492973
360600195061695
373255921701554
372239132119454
16695051508348
0.52
790471678036485
955386852824775
449235352896729
309324771309888
11957978183384
786753467650504
461719230498057
223713762231038
142779194350717
18315716794839
653548889632127
23235266200842
132961753817723
56881513473057
297722846408246
791889717239835
0.52
95895250046577
969703478258896
25111424375843
36365617130122
11957978183384
656510237910091
326486147626529
820126267066284
876598401868995
784140487100994
8640065192543
23235266200842
560327526442859
647719018462914
624960800458193
554391118024658
0.515
662809399265242
955386852824775
488319876831174
137939103943267
184817292347931
702522944986132
539026892063686
569436031658871
753132597428343
259353313250166
8640065192543
702050153492973
560327526442859
222586441423086
971412449130515
298495583840877
0.515
968659920603344
863356435607819
488319876831174
309324771309888
504236601062229
786753467650504
551384520508062
284978170546227
142779194350717
838544954004951
237739930971405
327859241202408
990362513805908
373255921701554
297722846408246
631928603924778
0.515
968659920603344
889131708019009
372251013467205
144749042645446
94232384904396
786753467650504
551384520508062
543995471924541
587679605273381
18315716794839
8640065192543
4680104974974
614347896824753
373255921701554
971412449130515
689742058836735
0.515
95895250046577
955386852824775
372251013467205
83381952756728
108617993122254
924855097162004
723505169490122
569436031658871
563438194600604
951078285906035
777730444342704
129926092517528
360600195061695
174525510135351
625083076593039
601253754273641
0.515
853578988860165
955386852824775
488319876831174
260709157800632
670505560781111
786753467650504
892763464196009
223713762231038
142779194350717
784140487100994
547195555431394
409628647104664
990362513805908
373255921701554
297722846408246
631928603924778
0.515
912049449939304
955386852824775
14474662819167
137939103943267
184817292347931
702522944986132
326486147626529
820126267066284
876598401868995
259353313250166
547195555431394
23235266200842
560327526442859
373255921701554
53034450324734
298495583840877
0.51
790471678036485
955386852824775
14474662819167
614616098168593
94232384904396
825124022935109
326486147626529
820126267066284
876598401868995
18315716794839
237739930971405
367347916293586
808772334274264
427880300873835
53034450324734
794416286886863
0.51
968659920603344
863356435607819
488319876831174
260709157800632
504236601062229
786753467650504
425893003785002
127818155627613
142779194350717
784140487100994
547195555431394
409628647104664
990362513805908
373255921701554
297722846408246
631928603924778
0.51
662809399265242
955386852824775
615270529228854
36365617130122
670505560781111
825124022935109
326486147626529
569436031658871
876598401868995
701401842619014
29914548029152
807898163706017
360600195061695
222586441423086
625083076593039
283402865418886
0.51
968659920603344
955386852824775
488319876831174
309324771309888
108617993122254
924855097162004
295847335036773
667908890018197
563438194600604
844767474497095
675889763364517
129926092517528
360600195061695
373255921701554
625083076593039
791889717239835
0.51
9160013347473
955386852824775
372251013467205
83381952756728
108617993122254
924855097162004
723505169490122
543995471924541
563438194600604
838544954004951
653548889632127
327859241202408
360600195061695
549832884478305
742675115700194
283402865418886
0.51
853578988860165
955386852824775
372251013467205
137939103943267
670505560781111
786753467650504
551384520508062
786271368519529
563438194600604
701401842619014
8640065192543
702050153492973
360600195061695
373255921701554
625083076593039
16695051508348
0.51
790471678036485
955386852824775
488319876831174
98799732559733
90444459435737
921197582930884
326486147626529
820126267066284
901753161988106
302318365453891
770092165921858
702050153492973
893815556025978
373255921701554
742675115700194
791889717239835
0.505
790471678036485
889131708019009
372251013467205
260709157800632
94232384904396
786753467650504
759660385437152
587120809400045
142779194350717
18315716794839
653548889632127
23235266200842
132961753817723
56881513473057
567531175244381
379142003310445
0.505
954401872565226
890333332535966
488319876831174
260709157800632
785071630862109
786753467650504
577519224294237
942663359894726
507396573437097
543033662504998
237739930971405
64308009559432
283423862086341
373255921701554
297722846408246
631928603924778
0.505
9160013347473
890333332535966
203832513281998
98799732559733
785071630862109
921197582930884
551384520508062
543995471924541
753132597428343
0.812510823277994
64675846353488
64308009559432
283423862086341
810339439106332
372239132119454
283402865418886
0.505
9160013347473
955386852824775
372251013467205
614616098168593
94232384904396
924855097162004
577519224294237
543995471924541
563438194600604
18315716794839
8640065192543
702050153492973
808772334274264
373255921701554
53034450324734
16695051508348
0.505
9160013347473
955386852824775
0.202800850012713
219277691663838
90444459435737
924855097162004
326486147626529
223713762231038
0.0901132803829914
391964134011401
0.283134944403141
396932023762228
268887767693441
810339439106332
233584651366614
283402865418886
0.505
799992753565308
955386852824775
18593000396431
614616098168593
108617993122254
332189394315793
0.732893239582373
376124047849385
674402830505
784140487100994
0.777500036068959
524388798756706
268887767693441
303898735579056
567531175244381
43011339820461
0.505
790471678036485
889131708019009
372251013467205
36365617130122
90444459435737
825124022935109
759660385437152
820126267066284
876598401868995
18315716794839
653548889632127
23235266200842
893815556025978
56881513473057
297722846408246
283402865418886
0.505
95895250046577
890333332535966
449235352896729
594613818728651
108617993122254
898139988956107
348519407375026
543995471924541
563438194600604
951078285906035
64675846353488
64308009559432
283423862086341
810339439106332
372239132119454
106981604409861
0.505
95895250046577
969703478258896
449235352896729
137939103943267
11957978183384
702522944986132
652753903368839
428491132999068
657745974444666
259353313250166
547195555431394
339526152396354
560327526442859
647719018462914
971412449130515
601253754273641
0.505
853578988860165
955386852824775
488319876831174
309324771309888
670505560781111
786753467650504
551384520508062
223713762231038
563438194600604
784140487100994
547195555431394
702050153492973
283423862086341
647719018462914
625083076593039
378406618897992
0.5
95895250046577
955386852824775
488319876831174
137939103943267
108617993122254
924855097162004
0.470187702900817
543995471924541
657745974444666
951078285906035
653548889632127
129926092517528
560327526442859
549832884478305
971412449130515
298495583840877
0.5
9160013347473
955386852824775
372251013467205
542090888387566
94232384904396
786753467650504
577519224294237
543995471924541
977453712363473
18315716794839
237739930971405
886682649090273
826463271317288
56881513473057
567531175244381
106981604409861
0.5
9160013347473
907156751913557
488319876831174
614616098168593
108617993122254
924855097162004
461719230498057
587120809400045
674402830505
18315716794839
237739930971405
396932023762228
990362513805908
810339439106332
742675115700194
283402865418886
0.5
790471678036485
955386852824775
488319876831174
36365617130122
11957978183384
656510237910091
326486147626529
820126267066284
901753161988106
246295816379737
547195555431394
129926092517528
268887767693441
709734256244141
372239132119454
832657243047216
0.5
968659920603344
955386852824775
488319876831174
260709157800632
670505560781111
786753467650504
461719230498057
284978170546227
142779194350717
784140487100994
237739930971405
129926092517528
560327526442859
373255921701554
971412449130515
631928603924778
0.5
9160013347473
889131708019009
372251013467205
260709157800632
94232384904396
786753467650504
759660385437152
543995471924541
142779194350717
18315716794839
653548889632127
886682649090273
132961753817723
56881513473057
567531175244381
379142003310445
0.5
9160013347473
889131708019009
488319876831174
137939103943267
94232384904396
786753467650504
577519224294237
543995471924541
142779194350717
18315716794839
275365617720115
395175795720506
390292318253914
373255921701554
297722846408246
283402865418886
0.495
853578988860165
955386852824775
488319876831174
83381952756728
108617993122254
924855097162004
577519224294237
543995471924541
901753161988106
246295816379737
653548889632127
4680104974974
202061534487671
709734256244141
625083076593039
379142003310445
0.495
9160013347473
955386852824775
203832513281998
614616098168593
94232384904396
924855097162004
425893003785002
223713762231038
977453712363473
18315716794839
237739930971405
327859241202408
614347896824753
56881513473057
53034450324734
283402865418886
0.495
790471678036485
955386852824775
488319876831174
614616098168593
90444459435737
924855097162004
425893003785002
223713762231038
674402830505
391964134011401
236145927215063
396932023762228
268887767693441
810339439106332
233584651366614
283402865418886
0.495
790471678036485
955386852824775
203832513281998
968656400669672
90444459435737
825124022935109
461719230498057
223713762231038
142779194350717
18315716794839
237739930971405
23235266200842
808772334274264
427880300873835
53034450324734
794416286886863
0.495
95895250046577
955386852824775
722560928539634
260709157800632
94232384904396
786753467650504
759660385437152
543995471924541
142779194350717
18315716794839
369595355060694
23235266200842
360600195061695
56881513473057
567531175244381
361848951020208
0.495
9160013347473
955386852824775
488319876831174
260709157800632
108617993122254
921197582930884
551384520508062
926576690714144
901753161988106
399759574979432
989914125292522
94044551762773
826463271317288
373255921701554
742675115700194
791889717239835
0.49
95895250046577
889131708019009
14474662819167
614616098168593
94232384904396
825124022935109
577519224294237
543995471924541
453575796658907
18315716794839
777730444342704
367347916293586
808772334274264
647719018462914
53034450324734
601253754273641
0.49
9160013347473
907156751913557
14474662819167
614616098168593
90444459435737
786753467650504
9145733387743
820126267066284
142779194350717
302318365453891
237739930971405
23235266200842
990362513805908
303898735579056
53034450324734
283402865418886
0.49
9160013347473
889131708019009
372251013467205
614616098168593
94232384904396
786753467650504
892763464196009
543995471924541
142779194350717
18315716794839
237739930971405
886682649090273
826463271317288
56881513473057
53034450324734
106981604409861
0.49
9160013347473
907156751913557
488319876831174
260709157800632
108617993122254
786753467650504
461719230498057
223713762231038
142779194350717
18315716794839
547195555431394
409628647104664
990362513805908
810339439106332
742675115700194
283402865418886
0.49
9160013347473
955386852824775
372251013467205
83381952756728
11957978183384
786753467650504
425893003785002
786271368519529
124069717770475
246295816379737
8640065192543
129926092517528
990362513805908
56881513473057
567531175244381
318375098201621
0.49
662809399265242
955386852824775
14474662819167
98799732559733
670505560781111
786753467650504
326486147626529
569436031658871
753132597428343
701401842619014
8640065192543
23235266200842
360600195061695
222586441423086
53034450324734
794416286886863
0.49
790471678036485
955386852824775
488319876831174
309324771309888
785071630862109
332189394315793
551384520508062
667908890018197
100924014626501
844767474497095
547195555431394
702050153492973
560327526442859
373255921701554
297722846408246
379142003310445
0.49
853578988860165
955386852824775
372251013467205
542090888387566
94232384904396
786753467650504
461719230498057
223713762231038
632068584967437
18315716794839
237739930971405
886682649090273
560327526442859
56881513473057
971412449130515
631928603924778
0.485
9160013347473
955386852824775
14474662819167
614616098168593
90444459435737
825124022935109
9145733387743
820126267066284
587679605273381
302318365453891
29914548029152
23235266200842
268887767693441
647719018462914
297722846408246
283402865418886
0.485
95895250046577
955386852824775
722560928539634
83381952756728
108617993122254
786753467650504
723505169490122
543995471924541
587679605273381
838544954004951
8640065192543
327859241202408
360600195061695
373255921701554
625083076593039
378406618897992
0.485
790471678036485
955386852824775
449235352896729
36365617130122
11957978183384
825124022935109
652753903368839
820126267066284
876598401868995
784140487100994
29914548029152
23235266200842
360600195061695
427880300873835
53034450324734
794416286886863
0.485
912049449939304
889131708019009
488319876831174
137939103943267
184817292347931
702522944986132
425893003785002
428491132999068
657745974444666
951078285906035
547195555431394
129926092517528
990362513805908
56881513473057
567531175244381
298495583840877
0.485
9160013347473
969703478258896
372251013467205
36365617130122
11957978183384
786753467650504
652753903368839
820126267066284
563438194600604
784140487100994
8640065192543
4680104974974
990362513805908
647719018462914
624960800458193
554391118024658
0.485
